0 -0.007 -0.008
10 9.995 9.992
20 19.995 19.994
30 29.996 29.996
40 39.998 39.998
50 50.002 50.001
60 60.002 60.001
70 70.006 70.004
80 80.009 80.008
90 90.012 90.01
100 100.015 100.014
110 110.018 110.015
120 120.021 120.018
130 130.022 130.023
140 140.024 140.025
150 150.026 150.027
160 160.031 160.031
170 170.033 170.034
180 180.035 180.036
190 190.04 190.041
200 200.042 200.041
210 210.043 210.044
220 220.045 220.045
230 230.047 230.048
240 240.049 240.05
250 250.05 250.051
260 260.052 260.052
270 270.053 270.054
280 280.051 280.053
290 290.052 290.052
300 300.053 300.054
310 310.053 310.053
320 320.052 320.055
330 330.054 330.054
